1, 1, 1, 1b4
1, 1, 1, 2b4
1, 1, 1, 3b4
1, 1, 1, 4b4
1, 1, 2, 1b4
1, 1, 2, 2b4
1, 1, 2, 3b4
1, 1, 2, 4b4
1, 1, 3, 1b4
1, 1, 3, 2b4
1, 1, 3, 3b4
1, 1, 3, 4b4
1, 1, 4, 1b4
1, 1, 4, 2b4
1, 1, 4, 3b4
1, 1, 4, 4b4
1, 2, 1, 1b4
1, 2, 1, 2b4
1, 2, 1, 3b4
1, 2, 1, 4b4
1, 2, 2, 1b4
1, 2, 2, 2b4
1, 2, 2, 3b4
1, 2, 2, 4b4
1, 2, 3, 1b4
1, 2, 3, 2b4
1, 2, 3, 3b4
1, 2, 3, 4b4
1, 2, 4, 1b4
1, 2, 4, 2b4
1, 2, 4, 3b4
1, 2, 4, 4b4
1, 3, 1, 1b4
1, 3, 1, 2b4
1, 3, 1, 3b4
1, 3, 1, 4b4
1, 3, 2, 1b4
1, 3, 2, 2b4
1, 3, 2, 3b4
1, 3, 2, 4b4
1, 3, 3, 1b4
1, 3, 3, 2b4
1, 3, 3, 3b4
1, 3, 3, 4b4
1, 3, 4, 1b4
1, 3, 4, 2b4
1, 3, 4, 3b4
1, 3, 4, 4b4
1, 4, 1, 1b4
1, 4, 1, 2b4
1, 4, 1, 3b4
1, 4, 1, 4b4
1, 4, 2, 1b4
1, 4, 2, 2b4
1, 4, 2, 3b4
1, 4, 2, 4b4
1, 4, 3, 1b4
1, 4, 3, 2b4
1, 4, 3, 3b4
1, 4, 3, 4b4
1, 4, 4, 1b4
1, 4, 4, 2b4
1, 4, 4, 3b4
1, 4, 4, 4b4
2, 1, 1, 1b4
2, 1, 1, 2b4
2, 1, 1, 3b4
2, 1, 1, 4b4
2, 1, 2, 1b4
2, 1, 2, 2b4
2, 1, 2, 3b4
2, 1, 2, 4b4
2, 1, 3, 1b4
2, 1, 3, 2b4
2, 1, 3, 3b4
2, 1, 3, 4b4
2, 1, 4, 1b4
2, 1, 4, 2b4
2, 1, 4, 3b4
2, 1, 4, 4b4
2, 2, 1, 1b4
2, 2, 1, 2b4
2, 2, 1, 3b4
2, 2, 1, 4b4
2, 2, 2, 1b4
2, 2, 2, 2b4
2, 2, 2, 3b4
2, 2, 2, 4b4
2, 2, 3, 1b4
2, 2, 3, 2b4
2, 2, 3, 3b4
2, 2, 3, 4b4
2, 2, 4, 1b4
2, 2, 4, 2b4
2, 2, 4, 3b4
2, 2, 4, 4b4
2, 3, 1, 1b4
2, 3, 1, 2b4
2, 3, 1, 3b4
2, 3, 1, 4b4
2, 3, 2, 1b4
2, 3, 2, 2b4
2, 3, 2, 3b4
2, 3, 2, 4b4
2, 3, 3, 1b4
2, 3, 3, 2b4
2, 3, 3, 3b4
2, 3, 3, 4b4
2, 3, 4, 1b4
2, 3, 4, 2b4
2, 3, 4, 3b4
2, 3, 4, 4b4
2, 4, 1, 1b4
2, 4, 1, 2b4
2, 4, 1, 3b4
2, 4, 1, 4b4
2, 4, 2, 1b4
2, 4, 2, 2b4
2, 4, 2, 3b4
2, 4, 2, 4b4
2, 4, 3, 1b4
2, 4, 3, 2b4
2, 4, 3, 3b4
2, 4, 3, 4b4
2, 4, 4, 1b4
2, 4, 4, 2b4
2, 4, 4, 3b4
2, 4, 4, 4b4
3, 1, 1, 1b4
3, 1, 1, 2b4
3, 1, 1, 3b4
3, 1, 1, 4b4
3, 1, 2, 1b4
3, 1, 2, 2b4
3, 1, 2, 3b4
3, 1, 2, 4b4
3, 1, 3, 1b4
3, 1, 3, 2b4
3, 1, 3, 3b4
3, 1, 3, 4b4
3, 1, 4, 1b4
3, 1, 4, 2b4
3, 1, 4, 3b4
3, 1, 4, 4b4
3, 2, 1, 1b4
3, 2, 1, 2b4
3, 2, 1, 3b4
3, 2, 1, 4b4
3, 2, 2, 1b4
3, 2, 2, 2b4
3, 2, 2, 3b4
3, 2, 2, 4b4
3, 2, 3, 1b4
3, 2, 3, 2b4
3, 2, 3, 3b4
3, 2, 3, 4b4
3, 2, 4, 1b4
3, 2, 4, 2b4
3, 2, 4, 3b4
3, 2, 4, 4b4
3, 3, 1, 1b4
3, 3, 1, 2b4
3, 3, 1, 3b4
3, 3, 1, 4b4
3, 3, 2, 1b4
3, 3, 2, 2b4
3, 3, 2, 3b4
3, 3, 2, 4b4
3, 3, 3, 1b4
3, 3, 3, 2b4
3, 3, 3, 3b4
3, 3, 3, 4b4
3, 3, 4, 1b4
3, 3, 4, 2b4
3, 3, 4, 3b4
3, 3, 4, 4b4
3, 4, 1, 1b4
3, 4, 1, 2b4
3, 4, 1, 3b4
3, 4, 1, 4b4
3, 4, 2, 1b4
3, 4, 2, 2b4
3, 4, 2, 3b4
3, 4, 2, 4b4
3, 4, 3, 1b4
3, 4, 3, 2b4
3, 4, 3, 3b4
3, 4, 3, 4b4
3, 4, 4, 1b4
3, 4, 4, 2b4
3, 4, 4, 3b4
3, 4, 4, 4b4
4, 1, 1, 1b4
4, 1, 1, 2b4
4, 1, 1, 3b4
4, 1, 1, 4b4
4, 1, 2, 1b4
4, 1, 2, 2b4
4, 1, 2, 3b4
4, 1, 2, 4b4
4, 1, 3, 1b4
4, 1, 3, 2b4
4, 1, 3, 3b4
4, 1, 3, 4b4
4, 1, 4, 1b4
4, 1, 4, 2b4
4, 1, 4, 3b4
4, 1, 4, 4b4
4, 2, 1, 1b4
4, 2, 1, 2b4
4, 2, 1, 3b4
4, 2, 1, 4b4
4, 2, 2, 1b4
4, 2, 2, 2b4
4, 2, 2, 3b4
4, 2, 2, 4b4
4, 2, 3, 1b4
4, 2, 3, 2b4
4, 2, 3, 3b4
4, 2, 3, 4b4
4, 2, 4, 1b4
4, 2, 4, 2b4
4, 2, 4, 3b4
4, 2, 4, 4b4
4, 3, 1, 1b4
4, 3, 1, 2b4
4, 3, 1, 3b4
4, 3, 1, 4b4
4, 3, 2, 1b4
4, 3, 2, 2b4
4, 3, 2, 3b4
4, 3, 2, 4b4
4, 3, 3, 1b4
4, 3, 3, 2b4
4, 3, 3, 3b4
4, 3, 3, 4b4
4, 3, 4, 1b4
4, 3, 4, 2b4
4, 3, 4, 3b4
4, 3, 4, 4b4
4, 4, 1, 1b4
4, 4, 1, 2b4
4, 4, 1, 3b4
4, 4, 1, 4b4
4, 4, 2, 1b4
4, 4, 2, 2b4
4, 4, 2, 3b4
4, 4, 2, 4b4
4, 4, 3, 1b4
4, 4, 3, 2b4
4, 4, 3, 3b4
4, 4, 3, 4b4
4, 4, 4, 1b4
4, 4, 4, 2b4
4, 4, 4, 3b4
4, 4, 4, 4b4
